MAP_ID	GAMESVR_SET_1	GAMESVR_SET_2	GAMESVR_SET_3	GAMESVR_SET_4	GAMESVR_SET_5	GAMESVR_SET_6	GAMESVR_SET_7	GAMESVR_SET_8	GAMESVR_SET_9	GAMESVR_SET_10	GAMESVR_SET_11	GAMESVR_SET_12	GAMESVR_SET_13	GAMESVR_SET_14	GAMESVR_SET_15	GAMESVR_SET_16	备注
1	1	1	1	1	1	1	1	1	1	1	1	1	1	1	1	1	凤翔
2	1	1	1	1	1	1	1	1	1	1	1	1	1	1	1	1	华山
3	1	1	1	1	1	1	1	1	1	1	1	1	1	1	1	1	剑阁西北
4	1	1	1	1	1	1	1	1	1	1	1	1	1	1	1	1	金光洞迷宫
5	1	1	1	1	1	1	1	1	1	1	1	1	1	1	1	1	经皇洞迷宫
6	1	1	1	1	1	1	1	1	1	1	1	1	1	1	1	1	锁云洞迷宫
7	1	1	1	1	1	1	1	1	1	1	1	1	1	1	1	1	秦陵
8	1	1	1	1	1	1	1	1	1	1	1	1	1	1	1	1	秦始皇陵地下
9	1	1	1	1	1	1	1	1	1	1	1	1	1	1	1	1	长江源头
10	1	1	1	1	1	1	1	1	1	1	1	1	1	1	1	1	雁石洞迷宫
11	1	1	1	1	1	1	1	1	1	1	1	1	1	1	1	1	成都
12	1	1	1	1	1	1	1	1	1	1	1	1	1	1	1	1	信相寺后院地道迷宫
13	1	1	1	1	1	1	1	1	1	1	1	1	1	1	1	1	峨嵋派
14	1	1	1	1	1	1	1	1	1	1	1	1	1	1	1	1	猛虎洞穴迷宫
15	1	1	1	1	1	1	1	1	1	1	1	1	1	1	1	1	讲经堂
16	1	1	1	1	1	1	1	1	1	1	1	1	1	1	1	1	前殿
17	1	1	1	1	1	1	1	1	1	1	1	1	1	1	1	1	正殿
18	1	1	1	1	1	1	1	1	1	1	1	1	1	1	1	1	左偏殿
19	1	1	1	1	1	1	1	1	1	1	1	1	1	1	1	1	剑阁西南
20	1	1	1	1	1	1	1	1	1	1	1	1	1	1	1	1	江津村
21	1	1	1	1	1	1	1	1	1	1	1	1	1	1	1	1	青城山
22	1	1	1	1	1	1	1	1	1	1	1	1	1	1	1	1	白云洞迷宫
23	1	1	1	1	1	1	1	1	1	1	1	1	1	1	1	1	神仙洞迷宫
24	1	1	1	1	1	1	1	1	1	1	1	1	1	1	1	1	响水洞迷宫
25	1	1	1	1	1	1	1	1	1	1	1	1	1	1	1	1	唐门
26	1	1	1	1	1	1	1	1	1	1	1	1	1	1	1	1	竹丝洞一层
27	1	1	1	1	1	1	1	1	1	1	1	1	1	1	1	1	竹丝洞二层
28	1	1	1	1	1	1	1	1	1	1	1	1	1	1	1	1	竹丝洞三层
29	1	1	1	1	1	1	1	1	1	1	1	1	1	1	1	1	暗器房
30	1	1	1	1	1	1	1	1	1	1	1	1	1	1	1	1	火器房
31	1	1	1	1	1	1	1	1	1	1	1	1	1	1	1	1	武功房
32	1	1	1	1	1	1	1	1	1	1	1	1	1	1	1	1	医药房
33	1	1	1	1	1	1	1	1	1	1	1	1	1	1	1	1	会客大厅
34	1	1	1	1	1	1	1	1	1	1	1	1	1	1	1	1	议事大厅
35	1	1	1	1	1	1	1	1	1	1	1	1	1	1	1	1	正房
36	1	1	1	1	1	1	1	1	1	1	1	1	1	1	1	1	祭祖厅
37	1	1	1	1	1	1	1	1	1	1	1	1	1	1	1	1	汴京
38	1	1	1	1	1	1	1	1	1	1	1	1	1	1	1	1	铁塔迷宫第一层
39	1	1	1	1	1	1	1	1	1	1	1	1	1	1	1	1	铁塔迷宫第二层
40	1	1	1	1	1	1	1	1	1	1	1	1	1	1	1	1	铁塔迷宫第三层
41	1	1	1	1	1	1	1	1	1	1	1	1	1	1	1	1	伏牛山西
42	1	1	1	1	1	1	1	1	1	1	1	1	1	1	1	1	天心洞迷宫
43	1	1	1	1	1	1	1	1	1	1	1	1	1	1	1	1	剑阁中原
44	1	1	1	1	1	1	1	1	1	1	1	1	1	1	1	1	宋金战场
45	1	1	1	1	1	1	1	1	1	1	1	1	1	1	1	1	天忍教室外
46	1	1	1	1	1	1	1	1	1	1	1	1	1	1	1	1	天忍教室内第一层
47	1	1	1	1	1	1	1	1	1	1	1	1	1	1	1	1	天忍教室内第二层左室
48	1	1	1	1	1	1	1	1	1	1	1	1	1	1	1	1	天忍教室内第二层右室
49	1	1	1	1	1	1	1	1	1	1	1	1	1	1	1	1	天忍教室内第三层
50	1	1	1	1	1	1	1	1	1	1	1	1	1	1	1	1	七杀洞迷宫
51	1	1	1	1	1	1	1	1	1	1	1	1	1	1	1	1	天忍教圣洞第一层
52	1	1	1	1	1	1	1	1	1	1	1	1	1	1	1	1	天忍教圣洞第二层
53	1	1	1	1	1	1	1	1	1	1	1	1	1	1	1	1	巴陵县
54	1	1	1	1	1	1	1	1	1	1	1	1	1	1	1	1	南岳镇
55	1	1	1	1	1	1	1	1	1	1	1	1	1	1	1	1	桃花源
56	1	1	1	1	1	1	1	1	1	1	1	1	1	1	1	1	衡山派
57	1	1	1	1	1	1	1	1	1	1	1	1	1	1	1	1	衡山大厅
58	1	1	1	1	1	1	1	1	1	1	1	1	1	1	1	1	独孤剑卧室
59	1	1	1	1	1	1	1	1	1	1	1	1	1	1	1	1	天王帮
60	1	1	1	1	1	1	1	1	1	1	1	1	1	1	1	1	前殿
61	1	1	1	1	1	1	1	1	1	1	1	1	1	1	1	1	天王大殿
62	1	1	1	1	1	1	1	1	1	1	1	1	1	1	1	1	寝宫
65	1	1	1	1	1	1	1	1	1	1	1	1	1	1	1	1	天王岛山洞
66	1	1	1	1	1	1	1	1	1	1	1	1	1	1	1	1	洞庭湖底山洞第一层
67	1	1	1	1	1	1	1	1	1	1	1	1	1	1	1	1	洞庭湖底山洞第二层
68	1	1	1	1	1	1	1	1	1	1	1	1	1	1	1	1	青螺岛
69	1	1	1	1	1	1	1	1	1	1	1	1	1	1	1	1	青螺岛山洞
70	1	1	1	1	1	1	1	1	1	1	1	1	1	1	1	1	武陵山
71	1	1	1	1	1	1	1	1	1	1	1	1	1	1	1	1	白水洞迷宫
72	1	1	1	1	1	1	1	1	1	1	1	1	1	1	1	1	大酋洞迷宫
73	1	1	1	1	1	1	1	1	1	1	1	1	1	1	1	1	伏流洞迷宫
74	1	1	1	1	1	1	1	1	1	1	1	1	1	1	1	1	苗岭
75	1	1	1	1	1	1	1	1	1	1	1	1	1	1	1	1	蚩尤洞迷宫
76	1	1	1	1	1	1	1	1	1	1	1	1	1	1	1	1	山宝洞迷宫
77	1	1	1	1	1	1	1	1	1	1	1	1	1	1	1	1	燕子洞迷宫
78	1	1	1	1	1	1	1	1	1	1	1	1	1	1	1	1	襄阳
79	1	1	1	1	1	1	1	1	1	1	1	1	1	1	1	1	襄阳城衙门秘道
80	1	1	1	1	1	1	1	1	1	1	1	1	1	1	1	1	扬州
81	1	1	1	1	1	1	1	1	1	1	1	1	1	1	1	1	武当派
82	1	1	1	1	1	1	1	1	1	1	1	1	1	1	1	1	井底迷宫
83	1	1	1	1	1	1	1	1	1	1	1	1	1	1	1	1	火狼洞迷宫
84	1	1	1	1	1	1	1	1	1	1	1	1	1	1	1	1	紫霄大殿
85	1	1	1	1	1	1	1	1	1	1	1	1	1	1	1	1	十方殿
86	1	1	1	1	1	1	1	1	1	1	1	1	1	1	1	1	父母殿
87	1	1	1	1	1	1	1	1	1	1	1	1	1	1	1	1	龙虎殿
90	1	1	1	1	1	1	1	1	1	1	1	1	1	1	1	1	伏牛山东
91	1	1	1	1	1	1	1	1	1	1	1	1	1	1	1	1	鸡冠洞迷宫
92	1	1	1	1	1	1	1	1	1	1	1	1	1	1	1	1	蜀冈山
93	1	1	1	1	1	1	1	1	1	1	1	1	1	1	1	1	荐菊洞密宫
94	1	1	1	1	1	1	1	1	1	1	1	1	1	1	1	1	灵谷洞密宫
99	1	1	1	1	1	1	1	1	1	1	1	1	1	1	1	1	永乐镇
100	1	1	1	1	1	1	1	1	1	1	1	1	1	1	1	1	朱仙镇
101	1	1	1	1	1	1	1	1	1	1	1	1	1	1	1	1	稻香村
102	1	1	1	1	1	1	1	1	1	1	1	1	1	1	1	1	天忍教圣洞二层密室
103	1	1	1	1	1	1	1	1	1	1	1	1	1	1	1	1	少林派
104	1	1	1	1	1	1	1	1	1	1	1	1	1	1	1	1	藏经阁
105	1	1	1	1	1	1	1	1	1	1	1	1	1	1	1	1	达摩堂
106	1	1	1	1	1	1	1	1	1	1	1	1	1	1	1	1	大雄宝殿
109	1	1	1	1	1	1	1	1	1	1	1	1	1	1	1	1	方丈禅室
110	1	1	1	1	1	1	1	1	1	1	1	1	1	1	1	1	罗汉堂
111	1	1	1	1	1	1	1	1	1	1	1	1	1	1	1	1	木人巷
112	1	1	1	1	1	1	1	1	1	1	1	1	1	1	1	1	千佛殿
113	1	1	1	1	1	1	1	1	1	1	1	1	1	1	1	1	少林密室
114	1	1	1	1	1	1	1	1	1	1	1	1	1	1	1	1	一百零八罗汉阵
115	1	1	1	1	1	1	1	1	1	1	1	1	1	1	1	1	丐帮
116	1	1	1	1	1	1	1	1	1	1	1	1	1	1	1	1	祥云洞一层
117	1	1	1	1	1	1	1	1	1	1	1	1	1	1	1	1	祥云洞二层
118	1	1	1	1	1	1	1	1	1	1	1	1	1	1	1	1	祥云洞三层
119	1	1	1	1	1	1	1	1	1	1	1	1	1	1	1	1	祥云洞四层
120	1	1	1	1	1	1	1	1	1	1	1	1	1	1	1	1	祥云洞五层
121	1	1	1	1	1	1	1	1	1	1	1	1	1	1	1	1	龙门镇
122	1	1	1	1	1	1	1	1	1	1	1	1	1	1	1	1	黄河源头
123	1	1	1	1	1	1	1	1	1	1	1	1	1	1	1	1	老虎洞迷宫
124	1	1	1	1	1	1	1	1	1	1	1	1	1	1	1	1	轩辕洞迷宫
125	1	1	1	1	1	1	1	1	1	1	1	1	1	1	1	1	留仙洞一层
126	1	1	1	1	1	1	1	1	1	1	1	1	1	1	1	1	留仙洞二层
127	1	1	1	1	1	1	1	1	1	1	1	1	1	1	1	1	留仙洞三层
128	1	1	1	1	1	1	1	1	1	1	1	1	1	1	1	1	留仙洞四层
129	1	1	1	1	1	1	1	1	1	1	1	1	1	1	1	1	留仙洞五层
130	1	1	1	1	1	1	1	1	1	1	1	1	1	1	1	1	留仙洞六层
131	1	1	1	1	1	1	1	1	1	1	1	1	1	1	1	1	昆仑派
132	1	1	1	1	1	1	1	1	1	1	1	1	1	1	1	1	冰穴迷宫
135	1	1	1	1	1	1	1	1	1	1	1	1	1	1	1	1	见性峰山洞
136	1	1	1	1	1	1	1	1	1	1	1	1	1	1	1	1	快活林
137	1	1	1	1	1	1	1	1	1	1	1	1	1	1	1	1	天微殿
138	1	1	1	1	1	1	1	1	1	1	1	1	1	1	1	1	正殿
139	1	1	1	1	1	1	1	1	1	1	1	1	1	1	1	1	紫微殿
140	1	1	1	1	1	1	1	1	1	1	1	1	1	1	1	1	药王谷
141	1	1	1	1	1	1	1	1	1	1	1	1	1	1	1	1	药王洞一层
142	1	1	1	1	1	1	1	1	1	1	1	1	1	1	1	1	药王洞二层
143	1	1	1	1	1	1	1	1	1	1	1	1	1	1	1	1	药王洞三层
144	1	1	1	1	1	1	1	1	1	1	1	1	1	1	1	1	药王洞四层
145	1	1	1	1	1	1	1	1	1	1	1	1	1	1	1	1	雪豹洞迷宫一层
146	1	1	1	1	1	1	1	1	1	1	1	1	1	1	1	1	雪豹洞迷宫二层
147	1	1	1	1	1	1	1	1	1	1	1	1	1	1	1	1	雪豹洞迷宫三层
148	1	1	1	1	1	1	1	1	1	1	1	1	1	1	1	1	雪豹洞迷宫四层
149	1	1	1	1	1	1	1	1	1	1	1	1	1	1	1	1	雪豹洞迷宫五层
150	1	1	1	1	1	1	1	1	1	1	1	1	1	1	1	1	雪豹洞迷宫六层
151	1	1	1	1	1	1	1	1	1	1	1	1	1	1	1	1	雪豹洞迷宫七层
152	1	1	1	1	1	1	1	1	1	1	1	1	1	1	1	1	雪豹洞迷宫八层
153	1	1	1	1	1	1	1	1	1	1	1	1	1	1	1	1	石鼓镇
154	1	1	1	1	1	1	1	1	1	1	1	1	1	1	1	1	翠烟门
155	1	1	1	1	1	1	1	1	1	1	1	1	1	1	1	1	百花厅
158	1	1	1	1	1	1	1	1	1	1	1	1	1	1	1	1	禁地迷宫
160	1	1	1	1	1	1	1	1	1	1	1	1	1	1	1	1	守玉厅
161	1	1	1	1	1	1	1	1	1	1	1	1	1	1	1	1	翠烟楼
162	1	1	1	1	1	1	1	1	1	1	1	1	1	1	1	1	大理府
163	1	1	1	1	1	1	1	1	1	1	1	1	1	1	1	1	恶霸家地道
164	1	1	1	1	1	1	1	1	1	1	1	1	1	1	1	1	千寻塔一层
165	1	1	1	1	1	1	1	1	1	1	1	1	1	1	1	1	千寻塔二层
166	1	1	1	1	1	1	1	1	1	1	1	1	1	1	1	1	千寻塔三层
167	1	1	1	1	1	1	1	1	1	1	1	1	1	1	1	1	点苍山
168	1	1	1	1	1	1	1	1	1	1	1	1	1	1	1	1	凤眼洞迷宫
169	1	1	1	1	1	1	1	1	1	1	1	1	1	1	1	1	龙眼洞迷宫
170	1	1	1	1	1	1	1	1	1	1	1	1	1	1	1	1	土匪迷宫
171	1	1	1	1	1	1	1	1	1	1	1	1	1	1	1	1	点苍洞一层
172	1	1	1	1	1	1	1	1	1	1	1	1	1	1	1	1	点苍洞二层
173	1	1	1	1	1	1	1	1	1	1	1	1	1	1	1	1	点苍洞三层
174	1	1	1	1	1	1	1	1	1	1	1	1	1	1	1	1	龙泉村
175	1	1	1	1	1	1	1	1	1	1	1	1	1	1	1	1	西山村
176	1	1	1	1	1	1	1	1	1	1	1	1	1	1	1	1	临安
177	1	1	1	1	1	1	1	1	1	1	1	1	1	1	1	1	御花园
178	1	1	1	1	1	1	1	1	1	1	1	1	1	1	1	1	御花园山洞
179	1	1	1	1	1	1	1	1	1	1	1	1	1	1	1	1	罗霄山
180	1	1	1	1	1	1	1	1	1	1	1	1	1	1	1	1	龙宫洞迷宫
181	1	1	1	1	1	1	1	1	1	1	1	1	1	1	1	1	两水洞迷宫
182	1	1	1	1	1	1	1	1	1	1	1	1	1	1	1	1	孽龙洞迷宫
183	1	1	1	1	1	1	1	1	1	1	1	1	1	1	1	1	五毒教
184	1	1	1	1	1	1	1	1	1	1	1	1	1	1	1	1	赤蝎寨
185	1	1	1	1	1	1	1	1	1	1	1	1	1	1	1	1	金蛇寨
186	1	1	1	1	1	1	1	1	1	1	1	1	1	1	1	1	墨蛛寨
187	1	1	1	1	1	1	1	1	1	1	1	1	1	1	1	1	青蜈寨
188	1	1	1	1	1	1	1	1	1	1	1	1	1	1	1	1	银蟾寨
189	1	1	1	1	1	1	1	1	1	1	1	1	1	1	1	1	总寨
190	1	1	1	1	1	1	1	1	1	1	1	1	1	1	1	1	入门迷宫
193	1	1	1	1	1	1	1	1	1	1	1	1	1	1	1	1	武夷山
194	1	1	1	1	1	1	1	1	1	1	1	1	1	1	1	1	玉华洞迷宫
195	1	1	1	1	1	1	1	1	1	1	1	1	1	1	1	1	雁荡山
196	1	1	1	1	1	1	1	1	1	1	1	1	1	1	1	1	羊角洞迷宫
197	1	1	1	1	1	1	1	1	1	1	1	1	1	1	1	1	天牢
198	1	1	1	1	1	1	1	1	1	1	1	1	1	1	1	1	清溪洞迷宫
199	1	1	1	1	1	1	1	1	1	1	1	1	1	1	1	1	武陵洞迷宫
200	1	1	1	1	1	1	1	1	1	1	1	1	1	1	1	1	古阳洞迷宫
201	1	1	1	1	1	1	1	1	1	1	1	1	1	1	1	1	冰河洞迷宫
202	1	1	1	1	1	1	1	1	1	1	1	1	1	1	1	1	芙蓉洞迷宫
203	1	1	1	1	1	1	1	1	1	1	1	1	1	1	1	1	无名洞迷宫
204	1	1	1	1	1	1	1	1	1	1	1	1	1	1	1	1	飞天洞迷宫
205	1	1	1	1	1	1	1	1	1	1	1	1	1	1	1	1	阳中洞迷宫
206	1	1	1	1	1	1	1	1	1	1	1	1	1	1	1	1	秦始皇陵地下二层
207	1	1	1	1	1	1	1	1	1	1	1	1	1	1	1	1	秦始皇陵地下三层
208	1	1	1	1	1	1	1	1	1	1	1	1	1	1	1	1	大牢
209	1	1	1	1	1	1	1	1	1	1	1	1	1	1	1	1	演武场
212	1	1	1	1	1	1	1	1	1	1	1	1	1	1	1	1	华山绝顶
213	1	1	1	1	1	1	1	1	1	1	1	1	1	1	1	1	帮会擂台一
214	1	1	1	1	1	1	1	1	1	1	1	1	1	1	1	1	帮会擂台二
215	1	1	1	1	1	1	1	1	1	1	1	1	1	1	1	1	帮会擂台三
216	1	1	1	1	1	1	1	1	1	1	1	1	1	1	1	1	帮会擂台四
217	1	1	1	1	1	1	1	1	1	1	1	1	1	1	1	1	帮会擂台五
218	1	1	1	1	1	1	1	1	1	1	1	1	1	1	1	1	帮会擂台六
219	1	1	1	1	1	1	1	1	1	1	1	1	1	1	1	1	帮会擂台七
220	1	1	1	1	1	1	1	1	1	1	1	1	1	1	1	1	演武场八
221	1	1	1	1	1	1	1	1	1	1	1	1	1	1	1	1	攻城战场
222	1	1	1	1	1	1	1	1	1	1	1	1	1	1	1	1	守方后方
223	1	1	1	1	1	1	1	1	1	1	1	1	1	1	1	1	攻方后方
224	1	1	1	1	1	1	1	1	1	1	1	1	1	1	1	1	沙漠地表
225	1	1	1	1	1	1	1	1	1	1	1	1	1	1	1	1	沙漠山洞1
226	1	1	1	1	1	1	1	1	1	1	1	1	1	1	1	1	沙漠山洞2
227	1	1	1	1	1	1	1	1	1	1	1	1	1	1	1	1	沙漠山洞3
228	1	1	1	1	1	1	1	1	1	1	1	1	1	1	1	1	昆仑后山
229	1	1	1	1	1	1	1	1	1	1	1	1	1	1	1	1	祭祖厅（战斗）
230	1	1	1	1	1	1	1	1	1	1	1	1	1	1	1	1	大理城内（战斗）
231	1	1	1	1	1	1	1	1	1	1	1	1	1	1	1	1	沧浪客居所
232	1	1	1	1	1	1	1	1	1	1	1	1	1	1	1	1	周云泉居所
233	1	1	1	1	1	1	1	1	1	1	1	1	1	1	1	1	莫空月居所
234	1	1	1	1	1	1	1	1	1	1	1	1	1	1	1	1	金蛇寨（战斗）
235	1	1	1	1	1	1	1	1	1	1	1	1	1	1	1	1	桃花岛（一）
236	1	1	1	1	1	1	1	1	1	1	1	1	1	1	1	1	桃花岛（二）
237	1	1	1	1	1	1	1	1	1	1	1	1	1	1	1	1	桃花岛（三）
238	1	1	1	1	1	1	1	1	1	1	1	1	1	1	1	1	桃花岛（四）
239	1	1	1	1	1	1	1	1	1	1	1	1	1	1	1	1	桃花岛（五）
240	1	1	1	1	1	1	1	1	1	1	1	1	1	1	1	1	桃花岛（六）
241	1	1	1	1	1	1	1	1	1	1	1	1	1	1	1	1	桃花岛（七）
242	1	1	1	1	1	1	1	1	1	1	1	1	1	1	1	1	洗髓岛（一）
243	1	1	1	1	1	1	1	1	1	1	1	1	1	1	1	1	洗髓岛（二）
244	1	1	1	1	1	1	1	1	1	1	1	1	1	1	1	1	洗髓岛（三）
245	1	1	1	1	1	1	1	1	1	1	1	1	1	1	1	1	洗髓岛（四）
246	1	1	1	1	1	1	1	1	1	1	1	1	1	1	1	1	洗髓岛（五）
247	1	1	1	1	1	1	1	1	1	1	1	1	1	1	1	1	洗髓岛（六）
248	1	1	1	1	1	1	1	1	1	1	1	1	1	1	1	1	洗髓岛（七）
249	1	1	1	1	1	1	1	1	1	1	1	1	1	1	1	1	洗髓岛山洞（一）
250	1	1	1	1	1	1	1	1	1	1	1	1	1	1	1	1	洗髓岛山洞（一）
251	1	1	1	1	1	1	1	1	1	1	1	1	1	1	1	1	洗髓岛山洞（一）
252	1	1	1	1	1	1	1	1	1	1	1	1	1	1	1	1	洗髓岛山洞（一）
253	1	1	1	1	1	1	1	1	1	1	1	1	1	1	1	1	洗髓岛山洞（一）
254	1	1	1	1	1	1	1	1	1	1	1	1	1	1	1	1	洗髓岛山洞（一）
255	1	1	1	1	1	1	1	1	1	1	1	1	1	1	1	1	洗髓岛山洞（一）
256	1	1	1	1	1	1	1	1	1	1	1	1	1	1	1	1	洗髓岛山洞（一）
257	1	1	1	1	1	1	1	1	1	1	1	1	1	1	1	1	洗髓岛山洞（一）
258	1	1	1	1	1	1	1	1	1	1	1	1	1	1	1	1	洗髓岛山洞（一）
259	1	1	1	1	1	1	1	1	1	1	1	1	1	1	1	1	洗髓岛山洞（二）
260	1	1	1	1	1	1	1	1	1	1	1	1	1	1	1	1	洗髓岛山洞（二）
261	1	1	1	1	1	1	1	1	1	1	1	1	1	1	1	1	洗髓岛山洞（二）
262	1	1	1	1	1	1	1	1	1	1	1	1	1	1	1	1	洗髓岛山洞（二）
263	1	1	1	1	1	1	1	1	1	1	1	1	1	1	1	1	洗髓岛山洞（二）
264	1	1	1	1	1	1	1	1	1	1	1	1	1	1	1	1	洗髓岛山洞（二）
265	1	1	1	1	1	1	1	1	1	1	1	1	1	1	1	1	洗髓岛山洞（二）
266	1	1	1	1	1	1	1	1	1	1	1	1	1	1	1	1	洗髓岛山洞（二）
267	1	1	1	1	1	1	1	1	1	1	1	1	1	1	1	1	洗髓岛山洞（二）
268	1	1	1	1	1	1	1	1	1	1	1	1	1	1	1	1	洗髓岛山洞（二）
269	1	1	1	1	1	1	1	1	1	1	1	1	1	1	1	1	洗髓岛山洞（三）
270	1	1	1	1	1	1	1	1	1	1	1	1	1	1	1	1	洗髓岛山洞（三）
271	1	1	1	1	1	1	1	1	1	1	1	1	1	1	1	1	洗髓岛山洞（三）
272	1	1	1	1	1	1	1	1	1	1	1	1	1	1	1	1	洗髓岛山洞（三）
273	1	1	1	1	1	1	1	1	1	1	1	1	1	1	1	1	洗髓岛山洞（三）
274	1	1	1	1	1	1	1	1	1	1	1	1	1	1	1	1	洗髓岛山洞（三）
275	1	1	1	1	1	1	1	1	1	1	1	1	1	1	1	1	洗髓岛山洞（三）
276	1	1	1	1	1	1	1	1	1	1	1	1	1	1	1	1	洗髓岛山洞（三）
277	1	1	1	1	1	1	1	1	1	1	1	1	1	1	1	1	洗髓岛山洞（三）
278	1	1	1	1	1	1	1	1	1	1	1	1	1	1	1	1	洗髓岛山洞（三）
279	1	1	1	1	1	1	1	1	1	1	1	1	1	1	1	1	洗髓岛山洞（四）
280	1	1	1	1	1	1	1	1	1	1	1	1	1	1	1	1	洗髓岛山洞（四）
281	1	1	1	1	1	1	1	1	1	1	1	1	1	1	1	1	洗髓岛山洞（四）
282	1	1	1	1	1	1	1	1	1	1	1	1	1	1	1	1	洗髓岛山洞（四）
283	1	1	1	1	1	1	1	1	1	1	1	1	1	1	1	1	洗髓岛山洞（四）
284	1	1	1	1	1	1	1	1	1	1	1	1	1	1	1	1	洗髓岛山洞（四）
285	1	1	1	1	1	1	1	1	1	1	1	1	1	1	1	1	洗髓岛山洞（四）
286	1	1	1	1	1	1	1	1	1	1	1	1	1	1	1	1	洗髓岛山洞（四）
287	1	1	1	1	1	1	1	1	1	1	1	1	1	1	1	1	洗髓岛山洞（四）
288	1	1	1	1	1	1	1	1	1	1	1	1	1	1	1	1	洗髓岛山洞（四）
289	1	1	1	1	1	1	1	1	1	1	1	1	1	1	1	1	洗髓岛山洞（五）
290	1	1	1	1	1	1	1	1	1	1	1	1	1	1	1	1	洗髓岛山洞（五）
291	1	1	1	1	1	1	1	1	1	1	1	1	1	1	1	1	洗髓岛山洞（五）
292	1	1	1	1	1	1	1	1	1	1	1	1	1	1	1	1	洗髓岛山洞（五）
293	1	1	1	1	1	1	1	1	1	1	1	1	1	1	1	1	洗髓岛山洞（五）
294	1	1	1	1	1	1	1	1	1	1	1	1	1	1	1	1	洗髓岛山洞（五）
295	1	1	1	1	1	1	1	1	1	1	1	1	1	1	1	1	洗髓岛山洞（五）
296	1	1	1	1	1	1	1	1	1	1	1	1	1	1	1	1	洗髓岛山洞（五）
297	1	1	1	1	1	1	1	1	1	1	1	1	1	1	1	1	洗髓岛山洞（五）
298	1	1	1	1	1	1	1	1	1	1	1	1	1	1	1	1	洗髓岛山洞（五）
299	1	1	1	1	1	1	1	1	1	1	1	1	1	1	1	1	洗髓岛山洞（六）
300	1	1	1	1	1	1	1	1	1	1	1	1	1	1	1	1	洗髓岛山洞（六）
301	1	1	1	1	1	1	1	1	1	1	1	1	1	1	1	1	洗髓岛山洞（六）
302	1	1	1	1	1	1	1	1	1	1	1	1	1	1	1	1	洗髓岛山洞（六）
303	1	1	1	1	1	1	1	1	1	1	1	1	1	1	1	1	洗髓岛山洞（六）
304	1	1	1	1	1	1	1	1	1	1	1	1	1	1	1	1	洗髓岛山洞（六）
305	1	1	1	1	1	1	1	1	1	1	1	1	1	1	1	1	洗髓岛山洞（六）
306	1	1	1	1	1	1	1	1	1	1	1	1	1	1	1	1	洗髓岛山洞（六）
307	1	1	1	1	1	1	1	1	1	1	1	1	1	1	1	1	洗髓岛山洞（六）
308	1	1	1	1	1	1	1	1	1	1	1	1	1	1	1	1	洗髓岛山洞（六）
309	1	1	1	1	1	1	1	1	1	1	1	1	1	1	1	1	洗髓岛山洞（七）
310	1	1	1	1	1	1	1	1	1	1	1	1	1	1	1	1	洗髓岛山洞（七）
311	1	1	1	1	1	1	1	1	1	1	1	1	1	1	1	1	洗髓岛山洞（七）
312	1	1	1	1	1	1	1	1	1	1	1	1	1	1	1	1	洗髓岛山洞（七）
313	1	1	1	1	1	1	1	1	1	1	1	1	1	1	1	1	洗髓岛山洞（七）
314	1	1	1	1	1	1	1	1	1	1	1	1	1	1	1	1	洗髓岛山洞（七）
315	1	1	1	1	1	1	1	1	1	1	1	1	1	1	1	1	洗髓岛山洞（七）
316	1	1	1	1	1	1	1	1	1	1	1	1	1	1	1	1	洗髓岛山洞（七）
317	1	1	1	1	1	1	1	1	1	1	1	1	1	1	1	1	洗髓岛山洞（七）
318	1	1	1	1	1	1	1	1	1	1	1	1	1	1	1	1	洗髓岛山洞（七）
319	1	1	1	1	1	1	1	1	1	1	1	1	1	1	1	1	临渝关
320	1	1	1	1	1	1	1	1	1	1	1	1	1	1	1	1	长白山脚
321	1	1	1	1	1	1	1	1	1	1	1	1	1	1	1	1	长白山南麓
322	1	1	1	1	1	1	1	1	1	1	1	1	1	1	1	1	长白山北麓
323	1	1	1	1	1	1	1	1	1	1	1	1	1	1	1	1	宋金报名点（初）
324	1	1	1	1	1	1	1	1	1	1	1	1	1	1	1	1	宋金报名点（中）
325	1	1	1	1	1	1	1	1	1	1	1	1	1	1	1	1	宋金报名点（高）
326	1	1	1	1	1	1	1	1	1	1	1	1	1	1	1	1	平原战场（初）
327	1	1	1	1	1	1	1	1	1	1	1	1	1	1	1	1	平原战场（中）
328	1	1	1	1	1	1	1	1	1	1	1	1	1	1	1	1	平原战场（高）
329	1	1	1	1	1	1	1	1	1	1	1	1	1	1	1	1	河滨战场（初）
330	1	1	1	1	1	1	1	1	1	1	1	1	1	1	1	1	河滨战场（中）
331	1	1	1	1	1	1	1	1	1	1	1	1	1	1	1	1	河滨战场（高）
332	1	1	1	1	1	1	1	1	1	1	1	1	1	1	1	1	天龙寺
333	1	1	1	1	1	1	1	1	1	1	1	1	1	1	1	1	华山派
336	1	1	1	1	1	1	1	1	1	1	1	1	1	1	1	1	风陵渡
337	1	1	1	1	1	1	1	1	1	1	1	1	1	1	1	1	风陵渡渡船一
338	1	1	1	1	1	1	1	1	1	1	1	1	1	1	1	1	风陵渡渡船二
339	1	1	1	1	1	1	1	1	1	1	1	1	1	1	1	1	风陵渡渡船三
340	1	1	1	1	1	1	1	1	1	1	1	1	1	1	1	1	莫高窟
341	1	1	1	1	1	1	1	1	1	1	1	1	1	1	1	1	漠北草原
342	1	1	1	1	1	1	1	1	1	1	1	1	1	1	1	1	西山屿
344	1	1	1	1	1	1	1	1	1	1	1	1	1	1	1	1	城镇战场（初）
345	1	1	1	1	1	1	1	1	1	1	1	1	1	1	1	1	城镇战场（中）
346	1	1	1	1	1	1	1	1	1	1	1	1	1	1	1	1	城镇战场（高）
347	1	1	1	1	1	1	1	1	1	1	1	1	1	1	1	1	山谷战场（初）
348	1	1	1	1	1	1	1	1	1	1	1	1	1	1	1	1	山谷战场（中）
349	1	1	1	1	1	1	1	1	1	1	1	1	1	1	1	1	山谷战场（高）
350	1	1	1	1	1	1	1	1	1	1	1	1	1	1	1	1	森林战场（初）
351	1	1	1	1	1	1	1	1	1	1	1	1	1	1	1	1	森林战场（中）
352	1	1	1	1	1	1	1	1	1	1	1	1	1	1	1	1	森林战场（高）
353	1	1	1	1	1	1	1	1	1	1	1	1	1	1	1	1	营寨战场（初）
354	1	1	1	1	1	1	1	1	1	1	1	1	1	1	1	1	营寨战场（中）
355	1	1	1	1	1	1	1	1	1	1	1	1	1	1	1	1	营寨战场（高）
357	1	1	1	1	1	1	1	1	1	1	1	1	1	1	1	1	平原单挑战场（初）
358	1	1	1	1	1	1	1	1	1	1	1	1	1	1	1	1	平原单挑战场（中）
359	1	1	1	1	1	1	1	1	1	1	1	1	1	1	1	1	平原单挑战场（高）
360	1	1	1	1	1	1	1	1	1	1	1	1	1	1	1	1	河滨单挑战场（初）
361	1	1	1	1	1	1	1	1	1	1	1	1	1	1	1	1	河滨单挑战场（中）
362	1	1	1	1	1	1	1	1	1	1	1	1	1	1	1	1	河滨单挑战场（高）
363	1	1	1	1	1	1	1	1	1	1	1	1	1	1	1	1	森林单挑战场（初）
364	1	1	1	1	1	1	1	1	1	1	1	1	1	1	1	1	森林单挑战场（中）
365	1	1	1	1	1	1	1	1	1	1	1	1	1	1	1	1	森林单挑战场（高）
366	1	1	1	1	1	1	1	1	1	1	1	1	1	1	1	1	山谷单挑战场（初）
367	1	1	1	1	1	1	1	1	1	1	1	1	1	1	1	1	山谷单挑战场（中）
368	1	1	1	1	1	1	1	1	1	1	1	1	1	1	1	1	山谷单挑战场（高）
369	1	1	1	1	1	1	1	1	1	1	1	1	1	1	1	1	城镇单挑战场（初）
370	1	1	1	1	1	1	1	1	1	1	1	1	1	1	1	1	城镇单挑战场（中）
371	1	1	1	1	1	1	1	1	1	1	1	1	1	1	1	1	城镇单挑战场（高）
372	1	1	1	1	1	1	1	1	1	1	1	1	1	1	1	1	营寨单挑战场（初）
373	1	1	1	1	1	1	1	1	1	1	1	1	1	1	1	1	营寨单挑战场（中）
374	1	1	1	1	1	1	1	1	1	1	1	1	1	1	1	1	营寨单挑战场（高）
375	1	1	1	1	1	1	1	1	1	1	1	1	1	1	1	1	旧宋金战场（初）
376	1	1	1	1	1	1	1	1	1	1	1	1	1	1	1	1	旧宋金战场（中）
377	1	1	1	1	1	1	1	1	1	1	1	1	1	1	1	1	旧宋金战场（高）
378	1	1	1	1	1	1	1	1	1	1	1	1	1	1	1	1	冲锋战场（初）
379	1	1	1	1	1	1	1	1	1	1	1	1	1	1	1	1	冲锋战场（中）
380	1	1	1	1	1	1	1	1	1	1	1	1	1	1	1	1	冲锋战场（高）
381	1	1	1	1	1	1	1	1	1	1	1	1	1	1	1	1	密林战场（初）
382	1	1	1	1	1	1	1	1	1	1	1	1	1	1	1	1	密林战场（中）
383	1	1	1	1	1	1	1	1	1	1	1	1	1	1	1	1	密林战场（高）
384	1	1	1	1	1	1	1	1	1	1	1	1	1	1	1	1	界桥战场（初）
385	1	1	1	1	1	1	1	1	1	1	1	1	1	1	1	1	界桥战场（中）
386	1	1	1	1	1	1	1	1	1	1	1	1	1	1	1	1	界桥战场（高）
387	1	1	1	1	1	1	1	1	1	1	1	1	1	1	1	1	风之骑（60-89）
388	1	1	1	1	1	1	1	1	1	1	1	1	1	1	1	1	风之骑（90-119）
389	1	1	1	1	1	1	1	1	1	1	1	1	1	1	1	1	风之骑（120以上）
390	1	1	1	1	1	1	1	1	1	1	1	1	1	1	1	1	山神庙（60-89）
391	1	1	1	1	1	1	1	1	1	1	1	1	1	1	1	1	山神庙（90-119）
392	1	1	1	1	1	1	1	1	1	1	1	1	1	1	1	1	山神庙（120以上）
393	1	1	1	1	1	1	1	1	1	1	1	1	1	1	1	1	千宝库（60-89）
394	1	1	1	1	1	1	1	1	1	1	1	1	1	1	1	1	千宝库（90-119）
395	1	1	1	1	1	1	1	1	1	1	1	1	1	1	1	1	千宝库（120以上）
416	1	1	1	1	1	1	1	1	1	1	1	1	1	1	1	1	初级龙舟（一）
417	1	1	1	1	1	1	1	1	1	1	1	1	1	1	1	1	初级龙舟（二）
418	1	1	1	1	1	1	1	1	1	1	1	1	1	1	1	1	初级龙舟（三）
419	1	1	1	1	1	1	1	1	1	1	1	1	1	1	1	1	初级龙舟（四）
420	1	1	1	1	1	1	1	1	1	1	1	1	1	1	1	1	初级龙舟（五）
421	1	1	1	1	1	1	1	1	1	1	1	1	1	1	1	1	初级龙舟（六）
422	1	1	1	1	1	1	1	1	1	1	1	1	1	1	1	1	初级龙舟（七）
423	1	1	1	1	1	1	1	1	1	1	1	1	1	1	1	1	初级龙舟（八）
424	1	1	1	1	1	1	1	1	1	1	1	1	1	1	1	1	高级龙舟（一）
425	1	1	1	1	1	1	1	1	1	1	1	1	1	1	1	1	高级龙舟（二）
426	1	1	1	1	1	1	1	1	1	1	1	1	1	1	1	1	高级龙舟（三）
427	1	1	1	1	1	1	1	1	1	1	1	1	1	1	1	1	高级龙舟（四）
428	1	1	1	1	1	1	1	1	1	1	1	1	1	1	1	1	高级龙舟（五）
429	1	1	1	1	1	1	1	1	1	1	1	1	1	1	1	1	高级龙舟（六）
430	1	1	1	1	1	1	1	1	1	1	1	1	1	1	1	1	高级龙舟（七）
431	1	1	1	1	1	1	1	1	1	1	1	1	1	1	1	1	高级龙舟（八）
432	1	1	1	1	1	1	1	1	1	1	1	1	1	1	1	1	高级龙舟（九）
433	1	1	1	1	1	1	1	1	1	1	1	1	1	1	1	1	高级龙舟（十）
434	1	1	1	1	1	1	1	1	1	1	1	1	1	1	1	1	高级龙舟（十一）
435	1	1	1	1	1	1	1	1	1	1	1	1	1	1	1	1	高级龙舟（十二）
436	1	1	1	1	1	1	1	1	1	1	1	1	1	1	1	1	高级龙舟（十三）
437	1	1	1	1	1	1	1	1	1	1	1	1	1	1	1	1	高级龙舟（十四）
438	1	1	1	1	1	1	1	1	1	1	1	1	1	1	1	1	高级龙舟（十五）
439	1	1	1	1	1	1	1	1	1	1	1	1	1	1	1	1	高级龙舟（十六）
440	1	1	1	1	1	1	1	1	1	1	1	1	1	1	1	1	初级龙舟（九）
441	1	1	1	1	1	1	1	1	1	1	1	1	1	1	1	1	初级龙舟（十）
442	1	1	1	1	1	1	1	1	1	1	1	1	1	1	1	1	初级龙舟（十一）
443	1	1	1	1	1	1	1	1	1	1	1	1	1	1	1	1	初级龙舟（十二）
444	1	1	1	1	1	1	1	1	1	1	1	1	1	1	1	1	初级龙舟（十三）
445	1	1	1	1	1	1	1	1	1	1	1	1	1	1	1	1	初级龙舟（十四）
446	1	1	1	1	1	1	1	1	1	1	1	1	1	1	1	1	初级龙舟（十五）
447	1	1	1	1	1	1	1	1	1	1	1	1	1	1	1	1	初级龙舟（十六）
448	1	1	1	1	1	1	1	1	1	1	1	1	1	1	1	1	高级龙舟（十七）
449	1	1	1	1	1	1	1	1	1	1	1	1	1	1	1	1	高级龙舟（十八）
450	1	1	1	1	1	1	1	1	1	1	1	1	1	1	1	1	高级龙舟（十九）
451	1	1	1	1	1	1	1	1	1	1	1	1	1	1	1	1	高级龙舟（二十）
452	1	1	1	1	1	1	1	1	1	1	1	1	1	1	1	1	高级龙舟（二十一）
453	1	1	1	1	1	1	1	1	1	1	1	1	1	1	1	1	高级龙舟（二十二）
454	1	1	1	1	1	1	1	1	1	1	1	1	1	1	1	1	高级龙舟（二十三）
455	1	1	1	1	1	1	1	1	1	1	1	1	1	1	1	1	高级龙舟（二十四）
456	1	1	1	1	1	1	1	1	1	1	1	1	1	1	1	1	高级龙舟（二十五）
457	1	1	1	1	1	1	1	1	1	1	1	1	1	1	1	1	高级龙舟（二十六）
458	1	1	1	1	1	1	1	1	1	1	1	1	1	1	1	1	高级龙舟（二十七）
459	1	1	1	1	1	1	1	1	1	1	1	1	1	1	1	1	高级龙舟（二十八）
460	1	1	1	1	1	1	1	1	1	1	1	1	1	1	1	1	高级龙舟（二十九）
461	1	1	1	1	1	1	1	1	1	1	1	1	1	1	1	1	高级龙舟（三十）
462	1	1	1	1	1	1	1	1	1	1	1	1	1	1	1	1	高级龙舟（三十一）
463	1	1	1	1	1	1	1	1	1	1	1	1	1	1	1	1	高级龙舟（三十二）
464	1	1	1	1	1	1	1	1	1	1	1	1	1	1	1	1	时间的挑战(初级1)
465	1	1	1	1	1	1	1	1	1	1	1	1	1	1	1	1	时间的挑战(初级2)
466	1	1	1	1	1	1	1	1	1	1	1	1	1	1	1	1	时间的挑战(初级3)
467	1	1	1	1	1	1	1	1	1	1	1	1	1	1	1	1	时间的挑战(初级4)
468	1	1	1	1	1	1	1	1	1	1	1	1	1	1	1	1	时间的挑战(初级5)
469	1	1	1	1	1	1	1	1	1	1	1	1	1	1	1	1	时间的挑战(初级6)
470	1	1	1	1	1	1	1	1	1	1	1	1	1	1	1	1	时间的挑战(初级7)
471	1	1	1	1	1	1	1	1	1	1	1	1	1	1	1	1	时间的挑战(初级8)
480	1	1	1	1	1	1	1	1	1	1	1	1	1	1	1	1	时间的挑战(高级1)
481	1	1	1	1	1	1	1	1	1	1	1	1	1	1	1	1	时间的挑战(高级2)
482	1	1	1	1	1	1	1	1	1	1	1	1	1	1	1	1	时间的挑战(高级3)
483	1	1	1	1	1	1	1	1	1	1	1	1	1	1	1	1	时间的挑战(高级4)
484	1	1	1	1	1	1	1	1	1	1	1	1	1	1	1	1	时间的挑战(高级5)
485	1	1	1	1	1	1	1	1	1	1	1	1	1	1	1	1	时间的挑战(高级6)
486	1	1	1	1	1	1	1	1	1	1	1	1	1	1	1	1	时间的挑战(高级7)
487	1	1	1	1	1	1	1	1	1	1	1	1	1	1	1	1	时间的挑战(高级8)
488	1	1	1	1	1	1	1	1	1	1	1	1	1	1	1	1	时间的挑战(高级9)
489	1	1	1	1	1	1	1	1	1	1	1	1	1	1	1	1	时间的挑战(高级10)
490	1	1	1	1	1	1	1	1	1	1	1	1	1	1	1	1	时间的挑战(高级11)
491	1	1	1	1	1	1	1	1	1	1	1	1	1	1	1	1	时间的挑战(高级12)
492	1	1	1	1	1	1	1	1	1	1	1	1	1	1	1	1	时间的挑战(高级13)
493	1	1	1	1	1	1	1	1	1	1	1	1	1	1	1	1	时间的挑战(高级14)
494	1	1	1	1	1	1	1	1	1	1	1	1	1	1	1	1	时间的挑战(高级15)
495	1	1	1	1	1	1	1	1	1	1	1	1	1	1	1	1	时间的挑战(高级16)
512	1	1	1	1	1	1	1	1	1	1	1	1	1	1	1	1	云中道
513	1	1	1	1	1	1	1	1	1	1	1	1	1	1	1	1	百花谷
514	1	1	1	1	1	1	1	1	1	1	1	1	1	1	1	1	山贼洞
515	1	1	1	1	1	1	1	1	1	1	1	1	1	1	1	1	紫霞岭
516	1	1	1	1	1	1	1	1	1	1	1	1	1	1	1	1	宋方守城
517	1	1	1	1	1	1	1	1	1	1	1	1	1	1	1	1	金方守城
518	1	1	1	1	1	1	1	1	1	1	1	1	1	1	1	1	宋方守城报名
519	1	1	1	1	1	1	1	1	1	1	1	1	1	1	1	1	金方守城报名
520	1	1	1	1	1	1	1	1	1	1	1	1	1	1	1	1	明月镇（凤翔）
521	1	1	1	1	1	1	1	1	1	1	1	1	1	1	1	1	明月镇（成都）
522	1	1	1	1	1	1	1	1	1	1	1	1	1	1	1	1	明月镇（汴京）
523	1	1	1	1	1	1	1	1	1	1	1	1	1	1	1	1	明月镇（襄阳）
524	1	1	1	1	1	1	1	1	1	1	1	1	1	1	1	1	明月镇（扬州）
525	1	1	1	1	1	1	1	1	1	1	1	1	1	1	1	1	明月镇（大理）
526	1	1	1	1	1	1	1	1	1	1	1	1	1	1	1	1	明月镇（临安）
527	1	1	1	1	1	1	1	1	1	1	1	1	1	1	1	1	联赛会场(一)
528	1	1	1	1	1	1	1	1	1	1	1	1	1	1	1	1	联赛会场(二)
531	1	1	1	1	1	1	1	1	1	1	1	1	1	1	1	1	联赛准备场(一)
532	1	1	1	1	1	1	1	1	1	1	1	1	1	1	1	1	联赛准备场(二)
535	1	1	1	1	1	1	1	1	1	1	1	1	1	1	1	1	联赛比赛场(一)
536	1	1	1	1	1	1	1	1	1	1	1	1	1	1	1	1	联赛比赛场(二)
539	1	1	1	1	1	1	1	1	1	1	1	1	1	1	1	1	长歌门禁地
540	1	1	1	1	1	1	1	1	1	1	1	1	1	1	1	1	联赛会场（1）
541	1	1	1	1	1	1	1	1	1	1	1	1	1	1	1	1	联赛赛场（1）
542	1	1	1	1	1	1	1	1	1	1	1	1	1	1	1	1	联赛会场（2）
543	1	1	1	1	1	1	1	1	1	1	1	1	1	1	1	1	联赛赛场（2）
544	1	1	1	1	1	1	1	1	1	1	1	1	1	1	1	1	联赛会场（3）
545	1	1	1	1	1	1	1	1	1	1	1	1	1	1	1	1	联赛赛场（3）
546	1	1	1	1	1	1	1	1	1	1	1	1	1	1	1	1	联赛会场（4）
547	1	1	1	1	1	1	1	1	1	1	1	1	1	1	1	1	联赛赛场（4）
548	1	1	1	1	1	1	1	1	1	1	1	1	1	1	1	1	联赛会场（5）
549	1	1	1	1	1	1	1	1	1	1	1	1	1	1	1	1	联赛赛场（5）
550	1	1	1	1	1	1	1	1	1	1	1	1	1	1	1	1	联赛会场（6）
551	1	1	1	1	1	1	1	1	1	1	1	1	1	1	1	1	联赛赛场（6）
552	1	1	1	1	1	1	1	1	1	1	1	1	1	1	1	1	联赛会场（7）
553	1	1	1	1	1	1	1	1	1	1	1	1	1	1	1	1	联赛赛场（7）
554	1	1	1	1	1	1	1	1	1	1	1	1	1	1	1	1	联赛会场（8）
555	1	1	1	1	1	1	1	1	1	1	1	1	1	1	1	1	联赛赛场（8）
556	1	1	1	1	1	1	1	1	1	1	1	1	1	1	1	1	联赛会场（9）
557	1	1	1	1	1	1	1	1	1	1	1	1	1	1	1	1	联赛赛场（9）
558	1	1	1	1	1	1	1	1	1	1	1	1	1	1	1	1	联赛会场（10）
559	1	1	1	1	1	1	1	1	1	1	1	1	1	1	1	1	联赛赛场（10）
570	1	1	1	1	1	1	1	1	1	1	1	1	1	1	1	1	联赛准备场（1）
571	1	1	1	1	1	1	1	1	1	1	1	1	1	1	1	1	联赛准备场（2）
572	1	1	1	1	1	1	1	1	1	1	1	1	1	1	1	1	联赛准备场（3）
573	1	1	1	1	1	1	1	1	1	1	1	1	1	1	1	1	联赛准备场（4）
574	1	1	1	1	1	1	1	1	1	1	1	1	1	1	1	1	联赛准备场（5）
575	1	1	1	1	1	1	1	1	1	1	1	1	1	1	1	1	联赛准备场（6）
576	1	1	1	1	1	1	1	1	1	1	1	1	1	1	1	1	联赛准备场（7）
577	1	1	1	1	1	1	1	1	1	1	1	1	1	1	1	1	联赛准备场（8）
578	1	1	1	1	1	1	1	1	1	1	1	1	1	1	1	1	联赛准备场（9）
579	1	1	1	1	1	1	1	1	1	1	1	1	1	1	1	1	联赛准备场（10）
580	1	1	1	1	1	1	1	1	1	1	1	1	1	1	1	1	宋方战场
581	1	1	1	1	1	1	1	1	1	1	1	1	1	1	1	1	金方战场
582	1	1	1	1	1	1	1	1	1	1	1	1	1	1	1	1	圣诞谷准备场
583	1	1	1	1	1	1	1	1	1	1	1	1	1	1	1	1	圣诞谷
584	1	1	1	1	1	1	1	1	1	1	1	1	1	1	1	1	春节活动准备场
585	1	1	1	1	1	1	1	1	1	1	1	1	1	1	1	1	春节活动地图
587	1	1	1	1	1	1	1	1	1	1	1	1	1	1	1	1	山城帮会地图
588	1	1	1	1	1	1	1	1	1	1	1	1	1	1	1	1	苗疆帮会地图
589	1	1	1	1	1	1	1	1	1	1	1	1	1	1	1	1	沙漠帮会地图
590	1	1	1	1	1	1	1	1	1	1	1	1	1	1	1	1	京师帮会地图
591	1	1	1	1	1	1	1	1	1	1	1	1	1	1	1	1	边塞帮会地图
593	1	1	1	1	1	1	1	1	1	1	1	1	1	1	1	1	江南帮会地图
594	1	1	1	1	1	1	1	1	1	1	1	1	1	1	1	1	雪岭帮会地图
605	1	1	1	1	1	1	1	1	1	1	1	1	1	1	1	1	密林战场
606	1	1	1	1	1	1	1	1	1	1	1	1	1	1	1	1	密林战场
607	1	1	1	1	1	1	1	1	1	1	1	1	1	1	1	1	密林战场
608	1	1	1	1	1	1	1	1	1	1	1	1	1	1	1	1	武林第一帮准备场
609	1	1	1	1	1	1	1	1	1	1	1	1	1	1	1	1	武林第一帮准备场
610	1	1	1	1	1	1	1	1	1	1	1	1	1	1	1	1	武林第一帮准备场
611	1	1	1	1	1	1	1	1	1	1	1	1	1	1	1	1	武林第一帮准备场
612	1	1	1	1	1	1	1	1	1	1	1	1	1	1	1	1	武林第一帮准备场
613	1	1	1	1	1	1	1	1	1	1	1	1	1	1	1	1	武林第一帮准备场
825	1	1	1	1	1	1	1	1	1	1	1	1	1	1	1	1	端午节活动准备场
826	1	1	1	1	1	1	1	1	1	1	1	1	1	1	1	1	端午节活动地图
829	1	1	1	1	1	1	1	1	1	1	1	1	1	1	1	1	长歌门禁地
830	1	1	1	1	1	1	1	1	1	1	1	1	1	1	1	1	长歌门禁地
831	1	1	1	1	1	1	1	1	1	1	1	1	1	1	1	1	长歌门禁地
832	1	1	1	1	1	1	1	1	1	1	1	1	1	1	1	1	长歌门禁地
833	1	1	1	1	1	1	1	1	1	1	1	1	1	1	1	1	长歌门禁地
834	1	1	1	1	1	1	1	1	1	1	1	1	1	1	1	1	长歌门禁地
841	1	1	1	1	1	1	1	1	1	1	1	1	1	1	1	1	帮会精英擂台一
842	1	1	1	1	1	1	1	1	1	1	1	1	1	1	1	1	帮会精英擂台二
843	1	1	1	1	1	1	1	1	1	1	1	1	1	1	1	1	帮会精英擂台三
844	1	1	1	1	1	1	1	1	1	1	1	1	1	1	1	1	帮会精英擂台四
845	1	1	1	1	1	1	1	1	1	1	1	1	1	1	1	1	帮会精英擂台五
846	1	1	1	1	1	1	1	1	1	1	1	1	1	1	1	1	帮会精英擂台六
847	1	1	1	1	1	1	1	1	1	1	1	1	1	1	1	1	帮会精英擂台七
848	1	1	1	1	1	1	1	1	1	1	1	1	1	1	1	1	帮会精英擂台八
849	1	1	1	1	1	1	1	1	1	1	1	1	1	1	1	1	端午节活动准备场
850	1	1	1	1	1	1	1	1	1	1	1	1	1	1	1	1	端午节活动地图
851	1	1	1	1	1	1	1	1	1	1	1	1	1	1	1	1	炎帝宝藏准备场
853	1	1	1	1	1	1	1	1	1	1	1	1	1	1	1	1	炎帝宝藏(一)
854	1	1	1	1	1	1	1	1	1	1	1	1	1	1	1	1	炎帝宝藏(二)
855	1	1	1	1	1	1	1	1	1	1	1	1	1	1	1	1	炎帝宝藏(三)
856	1	1	1	1	1	1	1	1	1	1	1	1	1	1	1	1	炎帝宝藏(四)
857	1	1	1	1	1	1	1	1	1	1	1	1	1	1	1	1	炎帝宝藏(五)
858	1	1	1	1	1	1	1	1	1	1	1	1	1	1	1	1	炎帝宝藏(六)
859	1	1	1	1	1	1	1	1	1	1	1	1	1	1	1	1	炎帝宝藏(七)
860	1	1	1	1	1	1	1	1	1	1	1	1	1	1	1	1	炎帝宝藏(八)
861	1	1	1	1	1	1	1	1	1	1	1	1	1	1	1	1	炎帝宝藏(九)
862	1	1	1	1	1	1	1	1	1	1	1	1	1	1	1	1	炎帝宝藏(十)
872	1	1	1	1	1	1	1	1	1	1	1	1	1	1	1	1	汴京清音
871	1	1	1	1	1	1	1	1	1	1	1	1	1	1	1	1	临安清音
874	1	1	1	1	1	1	1	1	1	1	1	1	1	1	1	1	汴京安期
873	1	1	1	1	1	1	1	1	1	1	1	1	1	1	1	1	临安安期
863	1	1	1	1	1	1	1	1	1	1	1	1	1	1	1	1	赛跑
868	1	1	1	1	1	1	1	1	1	1	1	1	1	1	1	1	荒漠战场（初）
869	1	1	1	1	1	1	1	1	1	1	1	1	1	1	1	1	荒漠战场（中）
870	1	1	1	1	1	1	1	1	1	1	1	1	1	1	1	1	荒漠战场（高）
876	1	1	1	1	1	1	1	1	1	1	1	1	1	1	1	1	古城战场（初）
877	1	1	1	1	1	1	1	1	1	1	1	1	1	1	1	1	古城战场（中）
878	1	1	1	1	1	1	1	1	1	1	1	1	1	1	1	1	古城战场（高）
882	1	1	1	1	1	1	1	1	1	1	1	1	1	1	1	1	赛跑准备场
886	1	1	1	1	1	1	1	1	1	1	1	1	1	1	1	1	荒石岭冲突战（初）
887	1	1	1	1	1	1	1	1	1	1	1	1	1	1	1	1	荒石岭冲突战（中）
888	1	1	1	1	1	1	1	1	1	1	1	1	1	1	1	1	荒石岭冲突战（高）
889	1	1	1	1	1	1	1	1	1	1	1	1	1	1	1	1	玉林阻击战（初）
890	1	1	1	1	1	1	1	1	1	1	1	1	1	1	1	1	玉林阻击战（中）
891	1	1	1	1	1	1	1	1	1	1	1	1	1	1	1	1	玉林阻击战（高）
892	1	1	1	1	1	1	1	1	1	1	1	1	1	1	1	1	梵岛秘境
893	1	1	1	1	1	1	1	1	1	1	1	1	1	1	1	1	汴京
894	1	1	1	1	1	1	1	1	1	1	1	1	1	1	1	1	石鼓镇
895	1	1	1	1	1	1	1	1	1	1	1	1	1	1	1	1	西山村
896	1	1	1	1	1	1	1	1	1	1	1	1	1	1	1	1	九州谷
897	1	1	1	1	1	1	1	1	1	1	1	1	1	1	1	1	名人堂
898	1	1	1	1	1	1	1	1	1	1	1	1	1	1	1	1	国战宋金界桥战场
899	1	1	1	1	1	1	1	1	1	1	1	1	1	1	1	1	国战宋金密林战场
900	1	1	1	1	1	1	1	1	1	1	1	1	1	1	1	1	国战宋金黄沙林战场
901	1	1	1	1	1	1	1	1	1	1	1	1	1	1	1	1	七夕活动
917	1	1	1	1	1	1	1	1	1	1	1	1	1	1	1	1	积血谷
918	1	1	1	1	1	1	1	1	1	1	1	1	1	1	1	1	恶人谷
919	1	1	1	1	1	1	1	1	1	1	1	1	1	1	1	1	蚀骨崖
920	1	1	1	1	1	1	1	1	1	1	1	1	1	1	1	1	黑木崖
921	1	1	1	1	1	1	1	1	1	1	1	1	1	1	1	1	天辅山
922	1	1	1	1	1	1	1	1	1	1	1	1	1	1	1	1	蟠龙山
923	1	1	1	1	1	1	1	1	1	1	1	1	1	1	1	1	地母山
924	1	1	1	1	1	1	1	1	1	1	1	1	1	1	1	1	苑凤山
926	1	1	1	1	1	1	1	1	1	1	1	1	1	1	1	1	击鼓传花活动场
927	1	1	1	1	1	1	1	1	1	1	1	1	1	1	1	1	攻城战汴京战场
928	1	1	1	1	1	1	1	1	1	1	1	1	1	1	1	1	攻城战大理战场
929	1	1	1	1	1	1	1	1	1	1	1	1	1	1	1	1	攻城战凤翔战场
930	1	1	1	1	1	1	1	1	1	1	1	1	1	1	1	1	攻城战临安战场
931	1	1	1	1	1	1	1	1	1	1	1	1	1	1	1	1	攻城战襄阳战场
932	1	1	1	1	1	1	1	1	1	1	1	1	1	1	1	1	攻城战扬州战场
933	1	1	1	1	1	1	1	1	1	1	1	1	1	1	1	1	攻城战成都战场
934	1	1	1	1	1	1	1	1	1	1	1	1	1	1	1	1	长白山顶试穿衣服
935	1	1	1	1	1	1	1	1	1	1	1	1	1	1	1	1	天池秘境第一层
936	1	1	1	1	1	1	1	1	1	1	1	1	1	1	1	1	天池秘境第二层
937	1	1	1	1	1	1	1	1	1	1	1	1	1	1	1	1	天池秘境第三层
938	1	1	1	1	1	1	1	1	1	1	1	1	1	1	1	1	天池秘境第三层
939	1	1	1	1	1	1	1	1	1	1	1	1	1	1	1	1	天池秘境第三层
940	1	1	1	1	1	1	1	1	1	1	1	1	1	1	1	1	天池秘境第三层
941	1	1	1	1	1	1	1	1	1	1	1	1	1	1	1	1	天池秘境第三层
942	1	1	1	1	1	1	1	1	1	1	1	1	1	1	1	1	天池秘境第三层
943	1	1	1	1	1	1	1	1	1	1	1	1	1	1	1	1	天池秘境第三层
944	1	1	1	1	1	1	1	1	1	1	1	1	1	1	1	1	天池秘境第三层
945	1	1	1	1	1	1	1	1	1	1	1	1	1	1	1	1	天池秘境第三层
946	1	1	1	1	1	1	1	1	1	1	1	1	1	1	1	1	天池秘境第三层
947	1	1	1	1	1	1	1	1	1	1	1	1	1	1	1	1	天池秘境第四层
949	1	1	1	1	1	1	1	1	1	1	1	1	1	1	1	1	试剑谷
950	1	1	1	1	1	1	1	1	1	1	1	1	1	1	1	1	恶狼谷
951	1	1	1	1	1	1	1	1	1	1	1	1	1	1	1	1	恶狼谷
952	1	1	1	1	1	1	1	1	1	1	1	1	1	1	1	1	恶狼谷
953	1	1	1	1	1	1	1	1	1	1	1	1	1	1	1	1	恶狼谷
954	1	1	1	1	1	1	1	1	1	1	1	1	1	1	1	1	恶狼谷
955	1	1	1	1	1	1	1	1	1	1	1	1	1	1	1	1	恶狼谷
956	1	1	1	1	1	1	1	1	1	1	1	1	1	1	1	1	恶狼谷
957	1	1	1	1	1	1	1	1	1	1	1	1	1	1	1	1	闯关密室
958	1	1	1	1	1	1	1	1	1	1	1	1	1	1	1	1	傀儡木人比赛场
959	1	1	1	1	1	1	1	1	1	1	1	1	1	1	1	1	新两水洞
960	1	1	1	1	1	1	1	1	1	1	1	1	1	1	1	1	皇城司擂台
961	1	1	1	1	1	1	1	1	1	1	1	1	1	1	1	1	傀儡木人准备场
962	1	1	1	1	1	1	1	1	1	1	1	1	1	1	1	1	炎帝宝藏准备场新
963	1	1	1	1	1	1	1	1	1	1	1	1	1	1	1	1	准备场
964	1	1	1	1	1	1	1	1	1	1	1	1	1	1	1	1	比赛场(1)
965	1	1	1	1	1	1	1	1	1	1	1	1	1	1	1	1	比赛场(2)
966	1	1	1	1	1	1	1	1	1	1	1	1	1	1	1	1	比赛场(3)
968	1	1	1	1	1	1	1	1	1	1	1	1	1	1	1	1	月歌岛
969	1	1	1	1	1	1	1	1	1	1	1	1	1	1	1	1	月歌秘谷
972	1	1	1	1	1	1	1	1	1	1	1	1	1	1	1	1	跨服宋金报名点（初）
973	1	1	1	1	1	1	1	1	1	1	1	1	1	1	1	1	跨服宋金报名点（中）
974	1	1	1	1	1	1	1	1	1	1	1	1	1	1	1	1	跨服宋金报名点（高）
967	1	1	1	1	1	1	1	1	1	1	1	1	1	1	1	1	无名秘境
987	1	1	1	1	1	1	1	1	1	1	1	1	1	1	1	1	华山派2013
875	1	1	1	1	1	1	1	1	1	1	1	1	1	1	1	1	沙漠迷宫
586	1	1	1	1	1	1	1	1	1	1	1	1	1	1	1	1	跨服宋金报名点（高）
595	1	1	1	1	1	1	1	1	1	1	1	1	1	1	1	1	无名秘境
596	1	1	1	1	1	1	1	1	1	1	1	1	1	1	1	1	华山派2013
597	1	1	1	1	1	1	1	1	1	1	1	1	1	1	1	1	沙漠迷宫
883	1	1	1	1	1	1	1	1	1	1	1	1	1	1	1	1	无名秘境
884	1	1	1	1	1	1	1	1	1	1	1	1	1	1	1	1	华山派2013
885	1	1	1	1	1	1	1	1	1	1	1	1	1	1	1	1	沙漠迷宫
396	1	1	1	1	1	1	1	1	1	1	1	1	1	1	1	1	Lien Dau
398	1	1	1	1	1	1	1	1	1	1	1	1	1	1	1	1	沙漠迷宫
400	1	1	1	1	1	1	1	1	1	1	1	1	1	1	1	1	沙漠迷宫
402	1	1	1	1	1	1	1	1	1	1	1	1	1	1	1	1	沙漠迷宫
404	1	1	1	1	1	1	1	1	1	1	1	1	1	1	1	1	沙漠迷宫
406	1	1	1	1	1	1	1	1	1	1	1	1	1	1	1	1	沙漠迷宫
408	1	1	1	1	1	1	1	1	1	1	1	1	1	1	1	1	沙漠迷宫
410	1	1	1	1	1	1	1	1	1	1	1	1	1	1	1	1	沙漠迷宫
506	1	1	1	1	1	1	1	1	1	1	1	1	1	1	1	1	沙漠迷宫
507	1	1	1	1	1	1	1	1	1	1	1	1	1	1	1	1	沙漠迷宫
508	1	1	1	1	1	1	1	1	1	1	1	1	1	1	1	1	沙漠迷宫
509	1	1	1	1	1	1	1	1	1	1	1	1	1	1	1	1	沙漠迷宫
510	1	1	1	1	1	1	1	1	1	1	1	1	1	1	1	1	沙漠迷宫
511	1	1	1	1	1	1	1	1	1	1	1	1	1	1	1	1	沙漠迷宫
560	1	1	1	1	1	1	1	1	1	1	1	1	1	1	1	1	沙漠迷宫
561	1	1	1	1	1	1	1	1	1	1	1	1	1	1	1	1	沙漠迷宫
562	1	1	1	1	1	1	1	1	1	1	1	1	1	1	1	1	沙漠迷宫
563	1	1	1	1	1	1	1	1	1	1	1	1	1	1	1	1	沙漠迷宫
564	1	1	1	1	1	1	1	1	1	1	1	1	1	1	1	1	沙漠迷宫
565	1	1	1	1	1	1	1	1	1	1	1	1	1	1	1	1	沙漠迷宫
566	1	1	1	1	1	1	1	1	1	1	1	1	1	1	1	1	沙漠迷宫
567	1	1	1	1	1	1	1	1	1	1	1	1	1	1	1	1	沙漠迷宫
397	1	1	1	1	1	1	1	1	1	1	1	1	1	1	1	1	沙漠迷宫
399	1	1	1	1	1	1	1	1	1	1	1	1	1	1	1	1	沙漠迷宫
401	1	1	1	1	1	1	1	1	1	1	1	1	1	1	1	1	沙漠迷宫
402	1	1	1	1	1	1	1	1	1	1	1	1	1	1	1	1	沙漠迷宫
403	1	1	1	1	1	1	1	1	1	1	1	1	1	1	1	1	沙漠迷宫
405	1	1	1	1	1	1	1	1	1	1	1	1	1	1	1	1	沙漠迷宫
407	1	1	1	1	1	1	1	1	1	1	1	1	1	1	1	1	沙漠迷宫
409	1	1	1	1	1	1	1	1	1	1	1	1	1	1	1	1	沙漠迷宫
411	1	1	1	1	1	1	1	1	1	1	1	1	1	1	1	1	沙漠迷宫
1009	1	1	1	1	1	1	1	1	1	1	1	1	1	1	1	1	沙漠迷宫
